4294967293,131
4294967293,130
4294967293,129
4294967293,128
4294967293,127
4294967293,126
4294967293,125
4294967293,124
4294967293,123
4294967293,122
4294967293,121
4294967293,120
4294967293,119
4294967293,118
4294967293,117
4294967293,116
4294967293,115
4294967293,114
4294967293,113
4294967293,112
4294967293,111
4294967293,110
4294967293,109
4294967293,108
4294967293,107
4294967293,106
4294967293,105
4294967293,104
4294967293,103
4294967293,102
4294967293,101
4294967293,100
4294967293,99
4294967293,98
4294967293,97
4294967293,96
4294967293,95
4294967293,94
4294967293,93
4294967293,92
4294967293,91
4294967293,90
4294967293,89
4294967293,87
4294967293,86
4294967293,85
4294967293,84
4294967293,83
4294967293,82
4294967293,81
4294967293,80
4294967293,79
4294967293,78
4294967293,77
4294967293,76
4294967293,75
4294967293,74
4294967293,73
4294967293,72
4294967293,71
4294967293,70
4294967293,69
4294967293,68
4294967293,67
4294967293,66
4294967293,65
4294967293,64
4294967293,63
4294967293,62
4294967293,61
4294967293,60
4294967293,59
4294967293,58
4294967293,57
4294967293,56
4294967293,55
4294967293,54
4294967293,53
4294967293,52
4294967293,51
4294967293,50
4294967293,49
4294967293,48
4294967293,47
4294967293,46
4294967293,45
4294967293,44
4294967293,43
4294967293,42
4294967293,41
4294967293,40
4294967293,39
4294967293,38
4294967293,37
4294967293,36
4294967293,35
4294967293,34
4294967293,33
4294967293,32
4294967293,31
4294967293,30
4294967293,29
4294967293,28
4294967293,27
4294967293,26
4294967293,25
4294967293,24
4294967293,23
4294967293,22
4294967293,21
4294967293,20
4294967293,19
4294967293,18
4294967293,17
4294967293,16
4294967293,15
4294967293,14
4294967293,13
4294967293,12
4294967293,11
4294967293,10
4294967293,9
4294967293,8
4294967293,7
4294967293,6
4294967293,5
4294967293,4
4294967293,3
4294967279,124
4294967279,123
4294967279,121
4294967279,120
4294967279,118
4294967279,117
4294967279,116
4294967279,114
4294967279,113
4294967279,50
4294967279,49
4294967279,48
4294967279,47
4294967279,46
4294967279,45
4294967279,44
4294967279,43
4294967279,42
4294967279,41
4294967279,40
4294967279,39
4294967279,38
4294967279,37
4294967279,36
4294967279,35
4294967279,34
4294967279,33
4294967279,32
4294967279,31
4294967279,30
4294967279,29
4294967279,28
4294967279,27
4294967279,260
4294967279,2
4294967279,88
4294967279,26
4294967279,25
4294967279,24
4294967279,23
4294967279,22
4294967279,21
4294967279,20
4294967279,19
4294967279,18
4294967279,17
4294967279,16
4294967279,174
4294967294,1047
4294967294,519
4294967294,437
4294967294,917
4294967294,640
4294967294,479
4294967294,478
4294967294,187
4294967294,470
21,0
4294967294,69
4294967294,725
4294967294,443
4294967294,709
4294967294,670
4294967294,642
4294967294,448
4294967294,715
4294967294,645
4294967294,511
4294967294,729
4294967294,649
4294967294,712
4294967294,509
4294967294,720
4294967294,686
4294967294,556
4294967294,555
4294967294,554
4294967294,719
4294967294,650
4294967294,552
4294967294,678
4294967294,93
4294967294,551
4294967294,550
4294967294,674
4294967294,1290
4294967294,548
4294967294,690
4294967294,689
4294967294,503
4294967294,545
4294967294,679
4294967294,544
4294967294,684
4294967294,543
4294967294,677
4294967294,125
4294967294,541
4294967294,693
4294967294,672
4294967294,537
4294967294,643
4294967294,540
4294967294,676
4294967294,539
4294967294,673
4294967294,666
4294967294,189
4294967294,183
4294967294,179
4294967294,386
4294967294,668
4294967294,428
4294967294,685
4294967294,389
4294967294,390
4294967294,664
4294967294,329
4294967294,328
4294967294,327
4294967294,326
4294967294,325
4294967294,323
4294967294,324
4294967294,322
4294967294,321
4294967294,320
4294967294,319
4294967294,318
4294967294,317
4294967294,316
4294967294,315
4294967294,314
4294967294,313
4294967294,401
4294967294,392
4294967294,186
4294967294,411
4294967294,96
4294967294,388
4294967294,397
4294967294,402
4294967294,394
4294967294,45
4294967294,407
4294967294,44
4294967278,402
4294967278,398
4294967278,397
4294967278,154
4294967279,392
4294967278,393
4294967278,186
4294967278,378
4294967294,648
4294967278,170
4294967278,390
4294967279,161
4294967279,158
4294967279,364
4294967279,363
4294967279,362
4294967279,361
4294967279,360
4294967279,137
4294967279,359
4294967279,357
4294967279,355
4294967279,334
4294967279,332
4294967278,335
4294967279,199
4294967279,311
4294967278,188
4294967278,308
4294967278,185
4294967278,303
4294967279,179
4294967278,176
4294967278,169
4294967278,296
4294967278,163
4294967279,160
4294967279,289
4294967279,287
4294967279,286
4294967278,292
4294967279,285
4294967279,284
4294967279,283
4294967279,282
4294967278,288
4294967279,281
4294967279,280
4294967279,279
4294967279,278
4294967279,277
4294967279,276
4294967279,275
4294967279,274
4294967279,272
4294967279,271
4294967278,134
4294967279,270
4294967279,269
4294967279,266
4294967279,265
4294967279,263
4294967278,257
4294967279,239
4294967279,238
4294967279,235
4294967279,234
4294967279,231
4294967279,230
4294967294,312
4294967294,311
4294967294,310
4294967294,309
4294967294,308
4294967294,306
4294967294,307
4294967294,305
4294967294,304
4294967294,303
4294967294,302
4294967294,301
4294967294,300
4294967294,299
4294967294,298
4294967294,297
4294967294,296
4294967294,295
4294967294,294
4294967294,293
4294967294,292
4294967294,291
4294967294,289
4294967294,290
4294967294,288
4294967294,287
4294967294,286
4294967294,285
4294967294,284
4294967294,283
4294967294,282
4294967294,281
4294967294,280
4294967294,279
4294967294,278
4294967294,277
4294967294,276
4294967294,275
4294967294,274
4294967294,272
4294967294,273
4294967294,271
4294967294,270
4294967294,269
4294967294,268
4294967294,267
4294967294,266
4294967294,265
4294967294,264
4294967294,263
4294967294,262
4294967294,261
4294967294,260
4294967294,259
4294967294,258
4294967294,257
4294967294,255
4294967294,256
4294967294,254
4294967294,253
4294967294,252
4294967294,251
4294967294,250
4294967294,249
4294967294,248
4294967294,247
4294967294,246
4294967294,245
4294967294,244
4294967294,243
4294967294,242
4294967294,241
4294967294,240
4294967294,238
4294967294,239
4294967294,237
4294967294,236
4294967294,235
4294967294,234
4294967294,233
4294967294,232
4294967294,231
4294967294,230
4294967294,229
4294967294,228
4294967294,227
4294967294,226
4294967294,225
4294967294,224
4294967294,223
4294967294,221
4294967294,222
4294967294,220
4294967294,219
4294967294,218
4294967294,217
4294967294,216
4294967294,215
4294967294,214
4294967294,213
4294967294,212
4294967294,211
4294967294,210
4294967294,209
4294967294,208
4294967294,207
4294967294,206
4294967294,204
4294967294,205
4294967294,203
4294967294,202
4294967294,201
4294967294,200
4294967294,199
4294967294,198
4294967294,197
4294967294,196
4294967294,195
4294967294,194
4294967294,193
4294967294,192
4294967294,159
4294967294,158
4294967294,157
4294967294,155
4294967294,156
4294967294,154
4294967294,153
4294967294,152
4294967294,151
4294967294,150
4294967294,149
4294967294,148
4294967294,147
4294967294,146
4294967294,145
4294967294,144
4294967294,143
4294967294,142
4294967294,141
4294967294,140
4294967294,138
4294967294,139
4294967294,137
4294967294,136
4294967294,135
4294967294,134
4294967294,133
4294967294,132
4294967294,131
4294967279,365
4294967294,130
4294967294,129
4294967294,128
4294967279,227
4294967294,94
4294967294,508
4294967294,53
4294967294,31
4294967294,919
4294967294,916
4294967294,926
4294967294,923
4294967294,787
4294967294,661
4294967294,728
4294967294,1338
4294967294,920
4294967294,908
4294967294,682
4294967294,652
4294967294,1342
408,1
406,1
404,1
402,1
401,1
387,1
383,1
381,1
379,1
377,1
376,1
375,1
374,1
373,1
372,1
370,1
369,1
368,1
367,1
352,1
349,1
346,1
344,1
341,1
338,1
336,1
334,1
331,1
174,1
128,1
4294967294,1675
4294967294,912
4294967294,694
4294967294,695
4294967294,59
4294967294,58
4243767290,0
4294967294,594
4294967294,681
4294967294,593
4294967294,592
4294967294,1310
4294967294,716
4294967294,591
4294967294,590
4294967294,363
4294967294,362
4294967294,361
4294967294,360
4294967294,359
4294967294,358
4294967294,357
4294967294,356
4294967294,355
4294967294,354
4294967294,353
4294967294,352
4294967294,351
4294967294,350
4294967294,349
4294967294,348
4294967294,347
4294967294,346
4294967294,345
4294967294,344
4294967294,343
4294967294,342
4294967294,340
4294967294,341
4294967294,339
4294967294,338
4294967294,337
4294967294,336
4294967294,335
4294967294,334
4294967294,333
4294967294,332
4294967294,331
4294967294,330
4294967294,4
21,4
4294967294,103
4294967294,102
4294967294,101
4294967294,100
4294967294,98
4294967294,97
4294967294,578
288,4
4294967278,447
288,3
80,4
265,5
70,4
70,3
113,4
4294967278,446
113,3
269,6
174,9
112,5
406,5
4294967278,445
4294967278,444
406,3
263,4
126,4
4294967278,443
126,3
314,6
314,3
381,6
381,3
313,4
313,3
400,4
409,4
409,3
187,5
4294967294,500
105,5
59,4
4294967278,442
59,3
190,7
192,6
200,6
194,6
4294967278,441
196,6
374,5
114,4
284,6
284,3
279,4
282,5
282,3
350,4
350,3
385,4
4294967278,440
385,3
82,4
4294967294,499
197,5
363,4
259,5
258,5
258,3
66,5
66,3
146,5
146,3
287,6
287,3
401,7
401,3
285,6
285,3
281,5
281,3
219,5
61,5
61,3
106,4
4294967278,439
264,5
264,3
298,6
294,4
294,3
293,4
347,4
4294967278,438
347,2
347,1
4294967294,498
292,4
349,4
291,4
290,4
116,4
148,6
384,4
377,5
115,4
115,3
311,4
311,3
371,4
371,3
275,4
220,5
4294967278,245
220,3
4294967278,124
30,4
4294967278,244
30,3
4294967278,123
149,5
4294967278,343
149,3
141,4
4294967278,121
368,7
4294967278,240
368,3
4294967278,120
376,6
4294967278,341
376,3
4294967278,119
140,4
4294967278,237
140,3
163,6
163,3
4294967278,117
131,4
4294967278,339
4294967278,116
165,6
4294967278,234
165,3
370,8
370,3
4294967294,497
4294967278,114
369,7
4294967278,337
369,3
4294967278,113
157,8
4294967278,230
157,3
4294967278,112
375,7
4294967278,229
375,3
4294967278,111
408,5
408,3
4294967278,110
53,4
4294967278,227
53,3
4294967278,109
387,5
4294967278,226
387,3
4294967278,108
207,5
4294967278,333
207,3
4294967278,107
402,6
4294967278,223
402,3
4294967278,106
107,4
4294967278,222
107,3
4294967278,331
180,5
4294967278,437
4294967278,105
180,3
4294967278,104
205,5
4294967278,220
4294967278,103
208,5
4294967278,219
208,3
4294967278,102
203,6
4294967278,329
203,3
4294967278,101
26,4
4294967278,216
4294967294,496
4294967278,100
318,6
4294967278,215
318,4
4294967278,99
212,8
4294967278,327
212,3
4294967278,98
206,5
4294967278,212
206,3
4294967278,97
317,5
4294967278,211
317,3
4294967278,96
404,53
4294967278,325
4294967278,209
352,8
4294967278,436
4294967278,95
4294967278,94
383,18
4294967278,208
4294967278,93
351,4
4294967278,323
4294967278,92
147,5
4294967278,205
4294967278,91
266,5
4294967278,204
266,3
4294967278,90
88,4
4294967278,321
4294967278,89
373,5
4294967278,202
4294967278,381
25,4
4294967278,435
4294967278,87
25,3
4294967278,86
260,5
4294967278,320
260,3
4294967278,85
320,4
4294967278,319
320,3
300,4
300,3
110,4
4294967278,434
179,6
179,3
50,4
234,5
4294967294,495
240,6
240,3
176,5
175,5
175,3
177,5
117,4
310,4
310,3
119,6
58,4
58,3
198,5
372,7
272,4
273,5
4294967278,433
273,3
128,8
65,4
65,3
186,6
344,6
344,3
341,6
341,3
325,6
325,3
322,5
322,3
4294967294,494
336,5
336,3
346,4
338,6
338,3
334,6
334,3
331,6
331,3
328,6
328,3
274,4
274,3
181,6
295,5
295,3
379,6
379,3
4294967278,50
367,7
4294967294,385
4294967278,399
4294967278,49
142,6
4294967278,294
4294967278,48
69,5
4294967278,370
4294967278,160
57,4
4294967278,432
4294967278,47
4294967278,46
32,4
4294967278,293
4294967278,45
73,4
4294967278,157
4294967278,44
56,4
4294967278,291
257,6
4294967278,431
4294967278,43
4294967294,493
4294967278,42
222,5
4294967278,369
4294967278,41
312,10
4294967278,290
4294967278,40
241,4
4294967278,289
4294967278,39
255,4
4294967278,368
4294967278,38
236,6
4294967278,37
248,6
4294967278,287
4294967278,36
238,4
4294967278,367
4294967278,35
242,4
4294967278,286
4294967278,34
305,5
4294967278,285
305,3
4294967278,33
261,5
4294967278,366
4294967278,284
254,5
4294967278,32
4294967278,31
232,4
4294967278,283
4294967278,30
231,4
4294967278,365
4294967278,29
243,5
4294967278,282
243,3
4294967278,28
230,4
4294967278,281
4294967278,27
256,4
4294967278,364
4294967278,26
229,4
4294967278,138
4294967278,25
252,8
4294967278,280
252,3
4294967294,492
4294967278,24
237,5
4294967278,363
4294967278,23
31,4
4294967278,279
4294967278,22
75,5
4294967278,21
72,6
4294967278,362
4294967278,20
74,5
4294967278,276
4294967278,275
29,4
4294967278,19
4294967278,18
28,4
4294967294,191
4294967278,360
4294967278,17
301,4
4294967278,272
4294967278,16
299,4
4294967294,384
4294967294,95
4294967278,271
299,3
4294967294,400
4294967294,404
4294967294,409
4294967294,410
4294967294,406
4294967294,190
4294967294,413
4294967294,396
4294967294,416
4294967294,414
4294967294,421
4294967294,425
4294967294,427
4294967294,417
4294967294,433
4294967294,424
4294967294,513
4294967294,514
4294967294,420
4294967294,515
4294967294,439
4294967294,516
4294967294,403
4294967294,432
4294967294,438
4294967294,517
4294967294,68
4294967278,15
4294967278,358
4294967279,15
4294967279,262
4294967278,14
4294967278,269
4294967279,14
4294967279,353
4294967278,13
4294967278,268
4294967279,13
4294967279,258
4294967278,12
4294967278,356
4294967279,257
4294967279,416
4294967279,12
4294967278,11
4294967278,265
4294967279,11
4294967279,351
4294967278,10
4294967278,264
4294967279,10
4294967279,255
4294967278,9
4294967278,354
4294967279,254
4294967279,415
4294967279,9
4294967278,8
4294967278,261
4294967279,8
4294967279,349
4294967278,7
4294967278,259
4294967279,7
4294967279,252
4294967278,6
4294967278,352
4294967279,6
4294967279,251
4294967278,5
4294967279,5
4294967279,347
4294967278,4
4294967278,256
4294967279,4
4294967279,249
4294967278,132
4294967294,122
4294967294,121
4294967278,350
4294967279,132
4294967279,248
4294967278,131
4294967278,253
4294967279,131
4294967279,344
4294967278,130
4294967278,252
4294967279,130
4294967279,246
4294967278,129
4294967278,348
4294967279,129
4294967279,245
4294967278,128
4294967294,915
4294967278,249
4294967279,128
4294967279,342
4294967278,127
4294967278,248
4294967279,127
4294967279,243
4294967278,126
4294967294,659
4294967278,345
4294967279,126
